100
320 75
911 80
398 61
13 37
808 71
837 81
2 97
81 39
565 89
30 46
745 5
2 96
592 91
289 48
108 30
372 41
555 27
226 22
451 5
853 50
295 30
755 11
824 54
2 99
816 86
424 35
1000 4
5 75
2 95
728 33
950 95
918 38
915 30
500 44
270 26
875 93
2 4
2 5
494 92
744 91
1000 97
387 98
1000 5
2 98
1000 96
143 26
289 65
1000 1
665 37
865 23
440 28
115 64
779 34
70 56
981 68
373 46
3 10
871 75
537 11
712 1
540 8
958 86
793 69
109 76
492 78
171 6
970 99
204 41
277 79
838 46
912 68
453 71
551 71
906 56
684 94
29 97
924 39
279 28
239 20
2 50
67 45
509 10
582 60
355 11
758 85
452 71
2 1
991 9
642 34
173 90
885 57
2 2
1000 98
1000 95
397 40
1000 3
2 3
1000 2
1000 99
635 54
