29 80 45
1 32 2 33
3 33 4 34
5 57 6 56
5 74 6 73
7 20 8 19
7 74 8 73
7 79 8 78
8 42 9 41
9 29 10 28
9 35 10 36
12 75 13 74
13 3 14 4
13 5 14 4
13 44 14 43
13 64 14 65
14 18 15 19
14 28 15 29
14 43 15 42
14 50 15 51
15 11 16 12
16 1 17 2
16 32 17 33
17 39 18 38
18 72 19 71
19 41 20 40
19 46 20 47
20 5 21 4
20 21 21 22
20 34 21 33
21 53 22 52
21 74 22 75
22 5 23 6
22 13 23 14
22 14 23 15
22 16 23 15
23 7 24 8
23 13 24 12
23 75 24 74
24 53 25 54
26 49 27 48
26 51 27 50
27 7 28 8
27 13 28 12
27 51 28 52
28 11 29 10
