15
15 1
1 1 1 1 1 1 1 1 1 1 1 1 1 1 1 

15 2
1 1 1 1 1 1 1 1 1 1 1 1 1 1 1 

15 3
1 1 1 1 1 1 1 1 1 1 1 1 1 1 1 

15 4
1 1 1 1 1 1 1 1 1 1 1 1 1 1 1 

15 5
1 1 1 1 1 1 1 1 1 1 1 1 1 1 1 

15 6
1 1 1 1 1 1 1 1 1 1 1 1 1 1 1 

15 7
1 1 1 1 1 1 1 1 1 1 1 1 1 1 1 

15 8
1 1 1 1 1 1 1 1 1 1 1 1 1 1 1 

15 9
1 1 1 1 1 1 1 1 1 1 1 1 1 1 1 

15 10
1 1 1 1 1 1 1 1 1 1 1 1 1 1 1 

15 11
1 1 1 1 1 1 1 1 1 1 1 1 1 1 1 

15 12
1 1 1 1 1 1 1 1 1 1 1 1 1 1 1 

15 13
1 1 1 1 1 1 1 1 1 1 1 1 1 1 1 

15 14
1 1 1 1 1 1 1 1 1 1 1 1 1 1 1 

15 15
1 1 1 1 1 1 1 1 1 1 1 1 1 1 1 

