16
16 1
1 1 1 1 1 1 1 1 1 1 1 1 1 1 1 1 

16 2
1 1 1 1 1 1 1 1 1 1 1 1 1 1 1 1 

16 3
1 1 1 1 1 1 1 1 1 1 1 1 1 1 1 1 

16 4
1 1 1 1 1 1 1 1 1 1 1 1 1 1 1 1 

16 5
1 1 1 1 1 1 1 1 1 1 1 1 1 1 1 1 

16 6
1 1 1 1 1 1 1 1 1 1 1 1 1 1 1 1 

16 7
1 1 1 1 1 1 1 1 1 1 1 1 1 1 1 1 

16 8
1 1 1 1 1 1 1 1 1 1 1 1 1 1 1 1 

16 9
1 1 1 1 1 1 1 1 1 1 1 1 1 1 1 1 

16 10
1 1 1 1 1 1 1 1 1 1 1 1 1 1 1 1 

16 11
1 1 1 1 1 1 1 1 1 1 1 1 1 1 1 1 

16 12
1 1 1 1 1 1 1 1 1 1 1 1 1 1 1 1 

16 13
1 1 1 1 1 1 1 1 1 1 1 1 1 1 1 1 

16 14
1 1 1 1 1 1 1 1 1 1 1 1 1 1 1 1 

16 15
1 1 1 1 1 1 1 1 1 1 1 1 1 1 1 1 

16 16
1 1 1 1 1 1 1 1 1 1 1 1 1 1 1 1 

