17
17 1
1 1 1 1 1 1 1 1 1 1 1 1 1 1 1 1 1 

17 2
1 1 1 1 1 1 1 1 1 1 1 1 1 1 1 1 1 

17 3
1 1 1 1 1 1 1 1 1 1 1 1 1 1 1 1 1 

17 4
1 1 1 1 1 1 1 1 1 1 1 1 1 1 1 1 1 

17 5
1 1 1 1 1 1 1 1 1 1 1 1 1 1 1 1 1 

17 6
1 1 1 1 1 1 1 1 1 1 1 1 1 1 1 1 1 

17 7
1 1 1 1 1 1 1 1 1 1 1 1 1 1 1 1 1 

17 8
1 1 1 1 1 1 1 1 1 1 1 1 1 1 1 1 1 

17 9
1 1 1 1 1 1 1 1 1 1 1 1 1 1 1 1 1 

17 10
1 1 1 1 1 1 1 1 1 1 1 1 1 1 1 1 1 

17 11
1 1 1 1 1 1 1 1 1 1 1 1 1 1 1 1 1 

17 12
1 1 1 1 1 1 1 1 1 1 1 1 1 1 1 1 1 

17 13
1 1 1 1 1 1 1 1 1 1 1 1 1 1 1 1 1 

17 14
1 1 1 1 1 1 1 1 1 1 1 1 1 1 1 1 1 

17 15
1 1 1 1 1 1 1 1 1 1 1 1 1 1 1 1 1 

17 16
1 1 1 1 1 1 1 1 1 1 1 1 1 1 1 1 1 

17 17
1 1 1 1 1 1 1 1 1 1 1 1 1 1 1 1 1 

