19
19 1
1 1 1 1 1 1 1 1 1 1 1 1 1 1 1 1 1 1 1 

19 2
1 1 1 1 1 1 1 1 1 1 1 1 1 1 1 1 1 1 1 

19 3
1 1 1 1 1 1 1 1 1 1 1 1 1 1 1 1 1 1 1 

19 4
1 1 1 1 1 1 1 1 1 1 1 1 1 1 1 1 1 1 1 

19 5
1 1 1 1 1 1 1 1 1 1 1 1 1 1 1 1 1 1 1 

19 6
1 1 1 1 1 1 1 1 1 1 1 1 1 1 1 1 1 1 1 

19 7
1 1 1 1 1 1 1 1 1 1 1 1 1 1 1 1 1 1 1 

19 8
1 1 1 1 1 1 1 1 1 1 1 1 1 1 1 1 1 1 1 

19 9
1 1 1 1 1 1 1 1 1 1 1 1 1 1 1 1 1 1 1 

19 10
1 1 1 1 1 1 1 1 1 1 1 1 1 1 1 1 1 1 1 

19 11
1 1 1 1 1 1 1 1 1 1 1 1 1 1 1 1 1 1 1 

19 12
1 1 1 1 1 1 1 1 1 1 1 1 1 1 1 1 1 1 1 

19 13
1 1 1 1 1 1 1 1 1 1 1 1 1 1 1 1 1 1 1 

19 14
1 1 1 1 1 1 1 1 1 1 1 1 1 1 1 1 1 1 1 

19 15
1 1 1 1 1 1 1 1 1 1 1 1 1 1 1 1 1 1 1 

19 16
1 1 1 1 1 1 1 1 1 1 1 1 1 1 1 1 1 1 1 

19 17
1 1 1 1 1 1 1 1 1 1 1 1 1 1 1 1 1 1 1 

19 18
1 1 1 1 1 1 1 1 1 1 1 1 1 1 1 1 1 1 1 

19 19
1 1 1 1 1 1 1 1 1 1 1 1 1 1 1 1 1 1 1 

