20
20 1
1 1 1 1 1 1 1 1 1 1 1 1 1 1 1 1 1 1 1 1 

20 2
1 1 1 1 1 1 1 1 1 1 1 1 1 1 1 1 1 1 1 1 

20 3
1 1 1 1 1 1 1 1 1 1 1 1 1 1 1 1 1 1 1 1 

20 4
1 1 1 1 1 1 1 1 1 1 1 1 1 1 1 1 1 1 1 1 

20 5
1 1 1 1 1 1 1 1 1 1 1 1 1 1 1 1 1 1 1 1 

20 6
1 1 1 1 1 1 1 1 1 1 1 1 1 1 1 1 1 1 1 1 

20 7
1 1 1 1 1 1 1 1 1 1 1 1 1 1 1 1 1 1 1 1 

20 8
1 1 1 1 1 1 1 1 1 1 1 1 1 1 1 1 1 1 1 1 

20 9
1 1 1 1 1 1 1 1 1 1 1 1 1 1 1 1 1 1 1 1 

20 10
1 1 1 1 1 1 1 1 1 1 1 1 1 1 1 1 1 1 1 1 

20 11
1 1 1 1 1 1 1 1 1 1 1 1 1 1 1 1 1 1 1 1 

20 12
1 1 1 1 1 1 1 1 1 1 1 1 1 1 1 1 1 1 1 1 

20 13
1 1 1 1 1 1 1 1 1 1 1 1 1 1 1 1 1 1 1 1 

20 14
1 1 1 1 1 1 1 1 1 1 1 1 1 1 1 1 1 1 1 1 

20 15
1 1 1 1 1 1 1 1 1 1 1 1 1 1 1 1 1 1 1 1 

20 16
1 1 1 1 1 1 1 1 1 1 1 1 1 1 1 1 1 1 1 1 

20 17
1 1 1 1 1 1 1 1 1 1 1 1 1 1 1 1 1 1 1 1 

20 18
1 1 1 1 1 1 1 1 1 1 1 1 1 1 1 1 1 1 1 1 

20 19
1 1 1 1 1 1 1 1 1 1 1 1 1 1 1 1 1 1 1 1 

20 20
1 1 1 1 1 1 1 1 1 1 1 1 1 1 1 1 1 1 1 1 

