211 993
36 299
125 608
104 494
59 711
160 508
67 636
111 552
209 114
51 76
146 346
140 242
83 655
201 706
54 625
131 372
147 935
65 636
42 787
62 456
23 662
196 62
176 732
88 77
185 452
104 766
150 471
32 436
146 499
3 126
157 157
201 316
35 571
2 923
17 518
89 523
141 931
70 866
172 184
171 533
48 565
30 998
100 600
8 307
103 855
126 431
186 338
156 862
47 456
40 334
123 21
103 23
177 63
163 422
32 513
26 172
210 965
161 616
92 615
211 842
154 538
69 526
30 449
60 666
124 306
81 912
52 376
181 168
143 193
67 722
151 114
153 230
53 317
154 919
15 206
36 709
60 352
33 870
154 476
135 477
74 476
80 443
26 373
181 424
150 338
135 541
150 899
108 760
136 590
66 205
211 87
132 124
189 501
14 571
109 568
46 953
17 81
135 259
108 272
67 677
29 649
85 338
165 951
117 634
15 386
23 579
60 217
98 49
71 728
133 257
161 431
46 646
142 37
94 752
186 532
47 562
123 274
15 350
151 428
88 32
178 346
119 444
13 128
90 46
127 917
100 558
28 526
73 154
113 10
112 202
35 683
33 862
174 803
59 337
8 333
184 466
103 261
79 801
15 616
6 415
196 284
94 33
143 428
91 467
153 183
177 952
208 728
77 70
68 812
158 884
109 379
74 518
205 753
112 551
144 864
65 885
43 870
197 169
40 85
22 513
74 852
22 329
172 132
108 726
60 512
13 63
114 772
110 890
94 786
114 900
167 399
134 413
65 814
7 421
150 921
18 158
14 631
103 544
15 838
83 591
180 940
98 573
154 582
84 907
201 836
53 856
108 363
25 23
182 739
165 251
190 736
101 258
89 295
30 134
101 110
127 452
86 511
102 789
44 274
161 329
14 492
157 728
206 867
181 335
116 684
1 921
155 260
53 967
167 19
32 562
194 550
19 538
190 227
152 651
113 735
30 480
77 96
133 80
114 254
112 267
40 239
129 414
130 703
202 445
134 510
165 70
102 583
3 948
89 572
195 388
93 534
70 894
134 415
75 865
29 522
114 533
89 725
144 237
107 927
20 686
77 264
100 906
91 629
108 248
63 588
33 8
74 500
47 578
168 398
59 78
126 701
4 702
159 507
149 875
3 540
105 671
2 964
190 826
117 866
203 28
188 35
183 761
50 436
48 957
127 247
6 97
65 882
11 726
65 797
133 628
87 584
58 974
123 258
42 440
176 661
35 516
143 852
83 485
119 746
43 780
88 420
98 16
1 46
138 365
179 123
111 442
87 204
202 812
205 197
29 948
168 12
155 760
107 325
173 402
196 986
211 417
7 158
211 831
15 333
90 139
141 809
182 354
32 390
93 688
206 716
64 864
59 105
82 565
54 329
114 96
115 571
46 324
138 664
123 460
105 303
112 566
81 613
77 381
98 417
29 351
59 615
188 959
191 717
56 335
159 60
34 306
138 952
167 113
22 201
184 933
16 871
172 418
124 557
169 670
121 284
3 183
160 318
10 577
8 870
154 877
79 487
85 104
165 256
91 53
188 410
199 150
49 204
69 31
83 533
33 329
46 605
140 460
148 717
83 167
129 237
102 898
133 360
59 170
29 745
155 279
177 455
180 682
43 117
5 161
90 317
187 525
134 852
37 908
204 218
24 15
25 517
196 991
134 272
6 925
47 251
175 114
152 13
116 113
38 553
49 754
49 154
149 110
165 128
182 941
190 333
206 417
19 117
32 985
86 119
159 943
49 657
164 596
39 786
45 121
170 985
139 76
11 633
77 877
176 312
39 194
48 53
182 618
30 334
206 371
174 961
134 548
194 920
43 785
92 13
52 155
138 787
95 790
137 195
41 984
201 975
2 560
69 479
11 956
97 207
68 914
113 276
20 272
113 176
199 967
35 368
48 111
102 2
52 582
12 104
180 998
141 305
189 322
62 996
60 951
210 329
210 495
163 433
120 802
75 929
110 427
180 340
116 660
62 768
187 942
153 578
9 586
81 507
204 775
13 542
95 234
31 835
210 772
142 91
18 580
118 934
64 462
155 666
197 720
55 690
71 540
44 837
27 155
155 135
151 748
100 240
38 166
11 660
197 547
69 149
19 199
34 871
33 68
166 664
203 354
82 502
204 443
57 335
146 166
14 268
174 125
164 477
6 26
12 55
113 246
51 578
19 687
184 922
138 47
18 420
115 196
205 664
6 545
194 580
24 25
44 237
18 761
4 346
5 458
33 97
68 990
89 916
153 507
75 673
166 371
189 397
35 258
176 814
40 358
159 508
106 261
181 641
151 634
65 89
43 796
69 722
147 289
63 791
56 241
206 506
23 288
94 180
188 865
159 331
17 544
48 49
31 936
134 463
205 537
185 117
117 817
127 430
199 873
147 240
208 246
39 232
11 202
199 666
205 290
32 718
87 428
127 286
124 476
158 790
196 498
108 30
92 821
23 509
4 423
171 889
205 710
153 736
25 208
50 165
94 977
37 862
78 255
133 443
14 598
167 160
94 609
146 887
199 440
18 552
191 832
133 562
5 190
121 626
51 821
1 131
76 506
98 642
52 416
104 154
65 785
174 869
93 744
126 634
176 640
159 435
211 705
66 693
16 959
13 210
130 331
35 808
195 87
155 61
37 732
144 549
44 3
93 399
20 121
130 711
60 966
50 726
18 712
98 765
135 519
108 40
73 154
175 416
104 48
15 47
202 829
10 808
191 291
168 659
39 340
154 115
20 661
49 161
151 688
160 863
138 359
3 990
81 860
25 554
136 267
160 60
129 960
92 970
111 670
171 976
171 409
181 905
129 110
79 887
39 642
178 249
189 550
75 646
53 325
196 207
162 640
181 870
12 707
118 861
79 671
13 476
146 221
64 648
120 718
203 410
102 391
145 480
205 958
35 813
202 83
118 331
143 906
74 971
133 514
31 652
186 647
198 814
75 770
106 424
89 698
206 782
35 19
21 161
35 751
169 285
10 558
77 135
90 406
152 399
115 665
97 162
73 68
46 788
117 15
209 114
139 496
195 983
51 947
92 514
150 280
8 677
182 250
84 734
99 178
2 932
198 538
103 1000
36 466
47 710
122 90
114 511
156 252
178 877
169 331
140 999
211 762
59 605
23 622
9 718
134 148
158 561
172 879
153 188
201 935
119 410
82 33
190 540
123 623
141 623
162 950
109 632
174 250
51 646
120 193
126 852
179 730
139 200
22 69
70 151
68 912
137 950
40 34
115 188
97 674
81 838
135 314
117 250
145 275
149 660
38 369
47 616
104 925
107 522
64 427
146 162
5 127
159 631
14 293
146 463
98 11
20 325
62 900
11 975
185 353
185 39
191 574
156 659
161 113
175 498
10 710
95 9
134 148
99 453
118 955
72 686
112 414
24 988
130 621
127 354
18 103
167 276
198 101
39 234
198 261
102 91
55 562
100 627
3 323
12 257
164 969
7 943
129 495
183 643
100 352
155 865
137 270
153 149
73 912
45 563
197 273
12 280
203 565
205 574
58 45
154 576
34 912
194 613
96 226
140 613
114 381
190 349
89 528
164 112
151 551
144 635
125 16
56 32
21 456
52 76
104 974
100 605
49 370
187 367
193 784
201 608
20 592
173 236
119 298
208 650
127 933
146 992
120 726
209 955
182 940
179 442
174 127
156 183
36 649
178 688
122 138
55 415
94 676
196 884
190 704
171 94
36 885
137 244
199 649
33 753
73 432
20 871
33 739
178 167
45 956
18 365
124 219
67 273
157 766
74 227
11 256
127 665
49 639
72 123
180 240
38 943
202 493
138 57
126 770
79 506
43 867
48 481
61 346
106 533
12 802
196 111
115 344
2 863
44 852
66 289
210 978
81 55
160 105
156 958
8 739
58 231
90 958
117 455
45 219
2 682
63 664
23 125
95 29
26 281
56 546
11 917
13 401
152 161
188 762
97 914
106 456
60 70
125 441
128 619
16 754
72 80
18 668
199 5
21 584
123 381
49 478
19 485
5 499
96 521
67 574
152 990
206 55
89 734
61 239
119 100
64 244
26 998
179 889
8 575
113 49
85 73
3 531
197 360
40 322
172 579
167 672
132 292
151 618
29 999
37 441
61 684
97 534
72 976
113 742
162 305
107 342
169 753
204 239
39 327
113 530
148 85
4 964
123 386
119 829
166 76
127 208
198 480
108 780
99 931
57 633
86 123
88 118
133 653
141 8
148 818
65 662
160 210
159 488
20 12
189 534
148 149
105 245
52 136
209 922
172 357
51 915
205 358
84 536
34 463
154 827
67 193
139 985
196 807
52 911
37 77
139 265
137 58
126 52
81 471
156 523
160 82
42 530
19 785
152 482
68 875
41 764
17 232
191 470
132 187
23 800
65 974
131 3
181 665
111 816
81 798
64 676
119 144
67 435
171 984
205 736
82 114
67 156
179 768
43 562
144 654
7 499
166 671
38 250
193 899
170 887
70 883
144 288
