5
2 2
10
11
1
1 1 2 1 2 2

3 3
011
101
110
6
3 2 2 2 2 1
3 1 2 1 2 2
1 3 2 3 1 2
2 1 1 1 1 2
1 2 2 1 2 2
1 1 2 1 2 2

4 4
1111
0110
0110
1111
10
4 4 3 4 3 3
4 3 3 3 3 2
4 2 3 2 3 1
4 1 3 1 3 2
3 4 2 4 2 3
3 3 2 3 2 2
1 4 2 4 1 3
2 3 1 2 2 2
2 2 1 2 2 1
1 1 1 2 2 1

5 5
01011
11001
00010
11011
10000
12
5 1 4 1 4 2
4 5 3 5 3 4
4 4 3 4 3 3
3 5 2 5 2 4
3 4 2 4 2 3
3 3 2 3 2 2
1 5 1 4 2 4
2 4 1 3 2 3
1 3 2 3 1 2
2 1 1 1 1 2
1 2 2 1 2 2
1 1 2 1 2 2


2 3
011
101
4
1 3 2 3 1 2
2 1 1 1 1 2
1 2 2 1 2 2
1 1 2 1 2 2


