100
121 131 1
5630 555906 6
22322 22322 1
2965 769993 4
938 717057 3
39 1000000 3
4945 279540 7
21345 4441283 13
3207 523325 2
5272 393026 2
0 100 2
2228 961000 6
8621 305784 1
4370 274443 1
2519 171840 3
9628 221919 9
8145 485026 9
9597 30751 2
332 539995 7
400 793131 4
4131 988357 1
1516 476245 5
8129 512819 4
9286 976503 2
5579 763362 2
1396 974496 5
1813 539974 3
3491 376189 1
999 99999 78788
8135 346033 4
3459 893118 8
5541 34105 7
886 56750 8
9974 603759 9
9332 549970 6
0 1000000000000000000 1
9325 343906 8
6153 882984 8
9151 163110 6
3976 759716 7
490 499674 1
121 121 11
646 753992 3
4766 385349 3
6311 744038 5
1002 914907 8
9523 81976 5
3568 887100 8
0 132 1
8892 186601 5
2851 217912 4
9385 146808 1
7243 39232 6
6673 645665 9
100000 1000000000000000000 3
1000000000 1000000000000000000 1
7597 115191 5
3376 156586 6
8483 164651 3
9046 160519 7
0 1000000000000000000 1000000000
701 837097 8
5992 237133 9
1405 52064 3
3725 832955 1
2675 641763 3
9705 834597 8
981 265444 4
121 132 1
1616 875376 6
2791 674701 5
5759 165757 6
8429 327368 2
4401 792858 5
2433 588437 7
10 22322 2
5649 246089 1
2590 45700 5
6916 519450 6
852 514597 2
3286 977701 4
7977 626769 9
3825 934105 6
9929 160753 4
2035 587687 6
5303 577653 4
573 319349 5
8324 696474 7
2684 313879 3
1363 123520 8
9352 507517 9
2789 205886 5
8764 690922 4
3263 62970 1
8989 909410 5
9481 668314 4
34432 9999920 222
3748 207521 4
1209 371972 7
2871 611476 1
