100
9
2
6735763
1750607
6
7203246
8763892
1507483
8460583
4461643
9999929
9987391
6704676
2872729
4170220
9999931
13
983469
2295773
9999163
5
2610613
9999991
8184167
2360890
1481717
8873129
8
2896297
6463741
4461641
4936439
928009
9309119
1403870
8248729
9999972
9999973
9999999
4751053
3191803
8291470
1144
9971849
3323191
7742461
9516811
1221469
4046177
4572049
12
1281246
390548
4
7
592432
9999998
8237213
5462959
11
5388168
9999996
9010879
3132736
140839
9999161
6865010
559513
1862603
1264969
9999162
3929879
5103067
3702389
7783893
10000000
10
9999997
5001361
4125389
86293
2044523
4461642
1
6697461
615403
9999930
3023326
3877633
8697851
9325574
3410821
3
5331653
9682616
6513281
9999971
9999995
6987083
6716541
